%YAML:1.0
File.version: "1.0"

# Camera.type: "PinHole"
# Camera1.fx: 333.94974039253634
# Camera1.fy: 333.65915292406083
# Camera1.cx: 333.65915292
# Camera1.cy: 534.21236

# Camera1.k1: 0.14253807
# Camera1.k2: -0.32860464
# Camera1.k3: 0.47141411
# Camera1.p1: 0.0
# Camera1.p2: 0.0

# Camera.width: 640
# Camera.height: 480

Camera.type: "KannalaBrandt8"

Camera1.fx: 333.94974039
Camera1.fy: 333.65915292
Camera1.cx: 221.3934123
Camera1.cy: 348.56073567

Camera1.k1: 0.10795065
Camera1.k2: -0.06118499
Camera1.k3: 0.03909594
Camera1.k4: -0.01987686

Camera.width: 640
Camera.height: 480
Camera.fps: 30
Camera.RGB: 1

# Transformation from body-frame (imu) to camera
IMU.T_b_c1: !!opencv-matrix
   rows: 4
   cols: 4
   dt: f
   data: [-0.9991788602051759, -0.0029805569687323015, -0.040406949887848397, 0.0317496059882324,
          0.040502413506800464, -0.04696890097046099, -0.998074885387739, 0.0014310017302654914,
          0.0010769490271583873, -0.9988919053740402, 0.047051052687583285, 0.0464247502623515,
          0.0, 0.0, 0.0, 1.0]

# IMU noise
IMU.NoiseGyro: 4.3633e-05
IMU.NoiseAcc: 1.6257e-03
IMU.GyroWalk: 4.8481e-06
IMU.AccWalk: 2.9194e-05
IMU.Frequency: 200.0

ORBextractor.nFeatures: 1200
ORBextractor.scaleFactor: 1.2
ORBextractor.nLevels: 3
ORBextractor.iniThFAST: 20
ORBextractor.minThFAST: 5

Viewer.KeyFrameSize:    0.05
Viewer.KeyFrameLineWidth: 1.0
Viewer.GraphLineWidth:  0.9
Viewer.PointSize:       2.0
Viewer.CameraSize:      0.08
Viewer.CameraLineWidth: 3.0
Viewer.ViewpointX:      0.0
Viewer.ViewpointY:     -0.7
Viewer.ViewpointZ:     -3.5
Viewer.ViewpointF:     500.0