%YAML:1.0
File.version: "1.0"


Camera.type: "PinHole"
Camera1.fx: 1190.8643427910781
Camera1.fy: 1195.1834654293161
Camera1.cx: 345.76472081765115
Camera1.cy: 232.34420239020514

Camera1.k1: -0.03463143665004308
Camera1.k2: 0.3415773624266906
Camera1.p1: -0.0019036570066917646
Camera1.p2: 0.002955568860046393
Camera1.k3: 0.0

Camera.width: 640
Camera.height: 480
Camera.fps: 10
Camera.RGB: 1

# probably it works
# Camera.TimeOffset: 0.007624992267412339

# Transformation from body-frame (imu) to camera

IMU.T_b_c1: !!opencv-matrix
   rows: 4
   cols: 4
   dt: f
   data: [ 0.99965186, -0.0173873,  -0.0198453,   0.02964106,
          -0.01937684,  0.02670898, -0.99945544,  0.00346151,
           0.01790788,  0.99949203,  0.02636277, -0.03686928,
          0.0, 0.0, 0.0, 1.0]

# IMU.T_b_c1: !!opencv-matrix
#    rows: 4
#    cols: 4
#    dt: f
#    data: [ 0.99965186, -0.01937684,  0.01790788, -0.02890342,
#           -0.0173873,   0.02670898,  0.99949203,  0.03727348,
#           -0.0198453,  -0.99945544,  0.02636277,  0.00501983,
#           0.0, 0.0, 0.0, 1.0]

# IMU noise
IMU.NoiseGyro: 0.0011056
IMU.NoiseAcc: 0.006056
IMU.GyroWalk: 0.00062176
IMU.AccWalk: 0.002
IMU.Frequency: 200.0
# maybe we should activate it 
# IMU.InsertKFsWhenLost: 1

ORBextractor.nFeatures: 2000
ORBextractor.scaleFactor: 1.2
ORBextractor.nLevels: 5
ORBextractor.iniThFAST: 15
ORBextractor.minThFAST: 5

Viewer.KeyFrameSize:    0.05
Viewer.KeyFrameLineWidth: 1.0
Viewer.GraphLineWidth:  0.9
Viewer.PointSize:       2.0
Viewer.CameraSize:      0.08
Viewer.CameraLineWidth: 3.0
Viewer.ViewpointX:      0.0
Viewer.ViewpointY:     -0.7
Viewer.ViewpointZ:     -3.5
Viewer.ViewpointF:     500.0
